0 0.859375 0.4953125 0.26328125 0.29453125
0 0.8546875 0.18046875 0.26328125 0.29921875
0 0.375 0.18046875 0.25 0.29921875
0 0.13203125 0.18046875 0.2546875 0.29921875
0 0.13828125 0.81484375 0.25859375 0.29921875
0 0.8546875 0.81484375 0.26328125 0.29921875
0 0.6140625 0.4953125 0.2453125 0.29453125
0 0.3796875 0.4953125 0.25 0.29453125
0 0.6140625 0.81484375 0.2453125 0.29921875
0 0.61171875 0.18046875 0.25 0.29921875
0 0.37734375 0.81484375 0.2453125 0.29921875
0 0.1359375 0.4953125 0.2546875 0.29453125
