0 0.49140625 0.15625 0.25 0.3125
0 0.21328125 0.35 0.234375 0.35234375
0 0.346875 0.69453125 0.221875 0.34453125
0 0.565625 0.59921875 0.22734375 0.33046875
0 0.7875 0.5890625 0.221875 0.33359375
0 0.88984375 0.29921875 0.2203125 0.3359375
0 0.6734375 0.3109375 0.21953125 0.33828125
0 0.1546875 0.590625 0.23203125 0.31953125
0 0.07578125 0.9296875 0.15078125 0.13984375
0 0.25859375 0.896875 0.2234375 0.20625
0 0.49921875 0.8796875 0.2234375 0.240625
0 0.7359375 0.8703125 0.23203125 0.25859375
0 0.93125 0.86640625 0.1375 0.2671875
0 0.08984375 0.28046875 0.1796875 0.3203125
0 0.29921875 0.125 0.2234375 0.25
0 0.1046875 0.06015625 0.20390625 0.1203125
