4 0.9072265625 0.857421875 0.072265625 0.2138671875
4 0.634765625 0.9384765625 0.08203125 0.1083984375
4 0.4267578125 0.19140625 0.072265625 0.197265625
4 0.6201171875 0.2548828125 0.0693359375 0.2021484375
4 0.3603515625 0.2919921875 0.0673828125 0.189453125
4 0.548828125 0.359375 0.0693359375 0.189453125
4 0.5947265625 0.4931640625 0.0673828125 0.1943359375
4 0.677734375 0.59765625 0.0693359375 0.2119140625
4 0.771484375 0.599609375 0.07421875 0.220703125
4 0.56640625 0.6298828125 0.0693359375 0.2021484375
4 0.458984375 0.68359375 0.07421875 0.216796875