4 0.650390625 0.59765625 0.1103515625 0.1708984375
4 0.7705078125 0.6455078125 0.123046875 0.185546875
4 0.9228515625 0.701171875 0.154296875 0.228515625
4 0.5869140625 0.7900390625 0.11328125 0.1826171875
4 0.7041015625 0.873046875 0.1318359375 0.21875
4 0.861328125 0.9169921875 0.166015625 0.154296875
4 0.759765625 0.248046875 0.1005859375 0.1416015625
4 0.880859375 0.2509765625 0.1181640625 0.1708984375
4 0.9775390625 0.2587890625 0.0380859375 0.166015625
4 0.708984375 0.4111328125 0.11328125 0.1611328125
4 0.830078125 0.439453125 0.123046875 0.1728515625
4 0.951171875 0.4697265625 0.09375 0.2041015625