4 0.349609375 0.40234375 0.109375 0.171875
4 0.2294921875 0.3544921875 0.123046875 0.185546875
4 0.0771484375 0.298828125 0.154296875 0.228515625
4 0.4130859375 0.2099609375 0.11328125 0.18359375
4 0.2958984375 0.126953125 0.1328125 0.21875
4 0.138671875 0.0830078125 0.166015625 0.154296875
4 0.240234375 0.751953125 0.1015625 0.140625
4 0.119140625 0.7490234375 0.1171875 0.171875
4 0.0224609375 0.7412109375 0.0390625 0.166015625
4 0.291015625 0.5888671875 0.11328125 0.16015625
4 0.169921875 0.560546875 0.123046875 0.171875
4 0.048828125 0.5302734375 0.09375 0.205078125