4 0.9072265625 0.142578125 0.072265625 0.21484375
4 0.634765625 0.0615234375 0.08203125 0.109375
4 0.4267578125 0.80859375 0.072265625 0.197265625
4 0.6201171875 0.7451171875 0.0703125 0.203125
4 0.3603515625 0.7080078125 0.068359375 0.189453125
4 0.548828125 0.640625 0.0703125 0.189453125
4 0.5947265625 0.5068359375 0.06640625 0.1953125
4 0.677734375 0.40234375 0.0703125 0.2109375
4 0.771484375 0.400390625 0.07421875 0.220703125
4 0.56640625 0.3701171875 0.0703125 0.203125
4 0.458984375 0.31640625 0.07421875 0.216796875